 200
    1.0000000000000000E+00  -6.2999999999999721E-04
    9.9975079456308691E-01  -6.4748030990299387E-04
    9.9900342666574671E-01  -6.9987148633149170E-04
    9.9775864130055303E-01  -7.8702461923826179E-04
    9.9601767929662888E-01  -9.0869268548742356E-04
    9.9378227608276193E-01  -1.0645322694038566E-03
    9.9105465995749020E-01  -1.2541059321778980E-03
    9.8783754986788685E-01  -1.4768851916059302E-03
    9.8413415269925364E-01  -1.7322540638334948E-03
    9.7994816007842844E-01  -2.0195131098180038E-03
    9.7528374469389134E-01  -2.3378839213057112E-03
    9.7014555613633779E-01  -2.6865139743649006E-03
    9.6453871626386523E-01  -3.0644817730581812E-03
    9.5846881409639439E-01  -3.4708022017725130E-03
    9.5194190024441183E-01  -3.9044320021327846E-03
    9.4496448087759011E-01  -4.3642752893544952E-03
    9.3754351123929680E-01  -4.8491890233689659E-03
    9.2968638871345599E-01  -5.3579883520776138E-03
    9.2140094545067530E-01  -5.8894517476305221E-03
    9.1269544056098817E-01  -6.4423258616240625E-03
    9.0357855188099268E-01  -7.0153300314895351E-03
    8.9405936732359614E-01  -7.6071603779935973E-03
    8.8414737581898528E-01  -8.2164934425629846E-03
    8.7385245785585453E-01  -8.8419893229295023E-03
    8.6318487563231971E-01  -9.4822942761990884E-03
    8.5215526282633602E-01  -1.0136042769696558E-02
    8.4077461399581677E-01  -1.0801858971628655E-02
    8.2905427361901873E-01  -1.1478357685537658E-02
    8.1700592478611933E-01  -1.2164144744473131E-02
    8.0464157755325838E-01  -1.2857816892577851E-02
    7.9197355697065319E-01  -1.3557961193152989E-02
    7.7901449079672003E-01  -1.4263154013028833E-02
    7.6577729691045060E-01  -1.4971959643023528E-02
    7.5227517043458869E-01  -1.5682928623234935E-02
    7.3852157058244483E-01  -1.6394595849708548E-02
    7.2453020724146011E-01  -1.7105478545504323E-02
    7.1031502730689200E-01  -1.7814074184213290E-02
    6.9589020077924646E-01  -1.8518858457442663E-02
    6.8127010663931220E-01  -1.9218283379611067E-02
    6.6646931851488056E-01  -1.9910775623515852E-02
    6.5150259015343637E-01  -2.0594735178524653E-02
    6.3638484071530155E-01  -2.1268534419901505E-02
    6.2113113990189162E-01  -2.1930517672733879E-02
    6.0575669293390944E-01  -2.2579001347238777E-02
    5.9027682539445114E-01  -2.3212274713979533E-02
    5.7470696795213039E-01  -2.3828601377833589E-02
    5.5906264097945402E-01  -2.4426221498553773E-02
    5.4335943908177542E-01  -2.5003354793624775E-02
    5.2761301555225404E-01  -2.5558204346014121E-02
    5.1183906676831203E-01  -2.6088961225557438E-02
    4.9605331654514340E-01  -2.6593809918314643E-02
    4.8027150046187361E-01  -2.7070934543519005E-02
    4.6450935017599204E-01  -2.7518525822949200E-02
    4.4878257774169328E-01  -2.7934788752928413E-02
    4.3310685994776044E-01  -2.8317950914935660E-02
    4.1749782269060037E-01  -2.8666271347242599E-02
    4.0197102539801094E-01  -2.8978049887294535E-02
    3.8654194551920495E-01  -2.9251636882960137E-02
    3.7122596309655170E-01  -2.9485443160485156E-02
    3.5603834543441676E-01  -2.9677950128191011E-02
    3.4099423188038092E-01  -2.9827719887827033E-02
    3.2610861873400876E-01  -2.9933405220157756E-02
    3.1139634429821200E-01  -2.9993759307963282E-02
    2.9687207408810551E-01  -3.0007645058237675E-02
    2.8255028621210343E-01  -2.9974043886047821E-02
    2.6844525693982613E-01  -2.9892063825289424E-02
    2.5457104647120316E-01  -2.9760946836442207E-02
    2.4094148492096124E-01  -2.9580075188347019E-02
    2.2757015853246476E-01  -2.9348976799931731E-02
    2.1447039613465257E-01  -2.9067329438601453E-02
    2.0165525585557198E-01  -2.8734963684550030E-02
    1.8913751210575236E-01  -2.8351864584384656E-02
    1.7692964284439511E-01  -2.7918171932999176E-02
    1.6504381714107241E-01  -2.7434179139375056E-02
    1.5349188304533412E-01  -2.6900330649703295E-02
    1.4228535577631435E-01  -2.6317217919659491E-02
    1.3143540624411054E-01  -2.5685573946567904E-02
    1.2095284991437727E-01  -2.5006266391290066E-02
    1.1084813602723503E-01  -2.4280289338693483E-02
    1.0113133718124034E-01  -2.3508753764220458E-02
    9.1812139292800465E-02  -2.2692876792112082E-02
    8.2899831941041224E-02  -2.1833969847981156E-02
    7.4403299107752674E-02  -2.0933425824413952E-02
    6.6331010321642681E-02  -1.9992705392873660E-02
    5.8691012215726535E-02  -1.9013322608154654E-02
    5.1490920506268245E-02  -1.7996829962796577E-02
    4.4737912401268898E-02  -1.6944803058034200E-02
    3.8438719446069636E-02  -1.5858825064886162E-02
    3.2599620813200836E-02  -1.4740471153754892E-02
    2.7226437043166463E-02  -1.3591293073336414E-02
    2.2324524242402610E-02  -1.2412804059669982E-02
    1.7898768744194160E-02  -1.1206464253776643E-02
    1.3953582237871520E-02  -9.9736668015599356E-03
    1.0492897371142729E-02  -8.7157248025232364E-03
    7.5201638299447482E-03  -7.4338592644831412E-03
    5.0383448997214364E-03  -6.1291882099453517E-03
    3.0499145115561177E-03  -4.8027170663095878E-03
    1.5568547761034002E-03  -3.4553304567621888E-03
    5.6065400777821628E-04  -2.0877854918049106E-03
    6.2305241171345394E-05  -7.0070664308509423E-04
    6.2305241171345394E-05   7.0070664308509423E-04
    5.6065400777821628E-04   2.0877854918049106E-03
    1.5568547761034002E-03   3.4553304567621888E-03
    3.0499145115561177E-03   4.8027170663095878E-03
    5.0383448997214364E-03   6.1291882099453517E-03
    7.5201638299447482E-03   7.4338592644831412E-03
    1.0492897371142729E-02   8.7157248025232364E-03
    1.3953582237871520E-02   9.9736668015599356E-03
    1.7898768744194160E-02   1.1206464253776643E-02
    2.2324524242402610E-02   1.2412804059669982E-02
    2.7226437043166463E-02   1.3591293073336414E-02
    3.2599620813200836E-02   1.4740471153754892E-02
    3.8438719446069636E-02   1.5858825064886162E-02
    4.4737912401268898E-02   1.6944803058034200E-02
    5.1490920506268245E-02   1.7996829962796577E-02
    5.8691012215726535E-02   1.9013322608154654E-02
    6.6331010321642681E-02   1.9992705392873660E-02
    7.4403299107752674E-02   2.0933425824413952E-02
    8.2899831941041224E-02   2.1833969847981156E-02
    9.1812139292800465E-02   2.2692876792112082E-02
    1.0113133718124034E-01   2.3508753764220458E-02
    1.1084813602723503E-01   2.4280289338693483E-02
    1.2095284991437727E-01   2.5006266391290066E-02
    1.3143540624411054E-01   2.5685573946567904E-02
    1.4228535577631435E-01   2.6317217919659491E-02
    1.5349188304533412E-01   2.6900330649703295E-02
    1.6504381714107241E-01   2.7434179139375056E-02
    1.7692964284439511E-01   2.7918171932999176E-02
    1.8913751210575236E-01   2.8351864584384656E-02
    2.0165525585557198E-01   2.8734963684550030E-02
    2.1447039613465257E-01   2.9067329438601453E-02
    2.2757015853246476E-01   2.9348976799931731E-02
    2.4094148492096124E-01   2.9580075188347019E-02
    2.5457104647120316E-01   2.9760946836442207E-02
    2.6844525693982613E-01   2.9892063825289424E-02
    2.8255028621210343E-01   2.9974043886047821E-02
    2.9687207408810551E-01   3.0007645058237675E-02
    3.1139634429821200E-01   2.9993759307963282E-02
    3.2610861873400876E-01   2.9933405220157756E-02
    3.4099423188038092E-01   2.9827719887827033E-02
    3.5603834543441676E-01   2.9677950128191011E-02
    3.7122596309655170E-01   2.9485443160485156E-02
    3.8654194551920495E-01   2.9251636882960137E-02
    4.0197102539801094E-01   2.8978049887294535E-02
    4.1749782269060037E-01   2.8666271347242599E-02
    4.3310685994776044E-01   2.8317950914935660E-02
    4.4878257774169328E-01   2.7934788752928413E-02
    4.6450935017599204E-01   2.7518525822949200E-02
    4.8027150046187361E-01   2.7070934543519005E-02
    4.9605331654514340E-01   2.6593809918314643E-02
    5.1183906676831203E-01   2.6088961225557438E-02
    5.2761301555225404E-01   2.5558204346014121E-02
    5.4335943908177542E-01   2.5003354793624775E-02
    5.5906264097945402E-01   2.4426221498553773E-02
    5.7470696795213039E-01   2.3828601377833589E-02
    5.9027682539445114E-01   2.3212274713979533E-02
    6.0575669293390944E-01   2.2579001347238777E-02
    6.2113113990189162E-01   2.1930517672733879E-02
    6.3638484071530155E-01   2.1268534419901505E-02
    6.5150259015343637E-01   2.0594735178524653E-02
    6.6646931851488056E-01   1.9910775623515852E-02
    6.8127010663931220E-01   1.9218283379611067E-02
    6.9589020077924646E-01   1.8518858457442663E-02
    7.1031502730689200E-01   1.7814074184213290E-02
    7.2453020724146011E-01   1.7105478545504323E-02
    7.3852157058244483E-01   1.6394595849708548E-02
    7.5227517043458869E-01   1.5682928623234935E-02
    7.6577729691045060E-01   1.4971959643023528E-02
    7.7901449079672003E-01   1.4263154013028833E-02
    7.9197355697065319E-01   1.3557961193152989E-02
    8.0464157755325838E-01   1.2857816892577851E-02
    8.1700592478611933E-01   1.2164144744473131E-02
    8.2905427361901873E-01   1.1478357685537658E-02
    8.4077461399581677E-01   1.0801858971628655E-02
    8.5215526282633602E-01   1.0136042769696558E-02
    8.6318487563231971E-01   9.4822942761990884E-03
    8.7385245785585453E-01   8.8419893229295023E-03
    8.8414737581898528E-01   8.2164934425629846E-03
    8.9405936732359614E-01   7.6071603779935973E-03
    9.0357855188099268E-01   7.0153300314895351E-03
    9.1269544056098817E-01   6.4423258616240625E-03
    9.2140094545067530E-01   5.8894517476305221E-03
    9.2968638871345599E-01   5.3579883520776138E-03
    9.3754351123929680E-01   4.8491890233689659E-03
    9.4496448087759011E-01   4.3642752893544952E-03
    9.5194190024441183E-01   3.9044320021327846E-03
    9.5846881409639439E-01   3.4708022017725130E-03
    9.6453871626386523E-01   3.0644817730581812E-03
    9.7014555613633779E-01   2.6865139743649006E-03
    9.7528374469389134E-01   2.3378839213057112E-03
    9.7994816007842844E-01   2.0195131098180038E-03
    9.8413415269925364E-01   1.7322540638334948E-03
    9.8783754986788685E-01   1.4768851916059302E-03
    9.9105465995749020E-01   1.2541059321778980E-03
    9.9378227608276193E-01   1.0645322694038566E-03
    9.9601767929662888E-01   9.0869268548742356E-04
    9.9775864130055303E-01   7.8702461923826179E-04
    9.9900342666574671E-01   6.9987148633149170E-04
    9.9975079456308691E-01   6.4748030990299387E-04
    1.0000000000000000E+00   6.2999999999999721E-04